numInputs,7
numNodes,50
numOutputs,1
arity,2
fuctionSet,add,mul,pi,sin,cos
0
5,0.311014
2,-0.481613
3
7,0.593493
1,0.255104
2
0,0.380352
1,-0.276894
3
9,-0.833552
2,-0.051302
1
1,-0.532579
5,-0.998474
2
9,0.452559
0,-0.370708
3
11,-0.643361
10,-0.558885
3
0,-0.534288
13,0.572130
3
7,-0.396283
8,-0.524094
2
4,-0.630360
5,0.399335
1
0,-0.283670
16,0.989441
1
4,0.097018
17,-0.703848
0
2,-0.899716
7,0.868343
3
3,-0.739433
0,0.372051
2
13,0.147801
6,-0.223975
2
2,0.010773
15,-0.017792
1
7,-0.728324
4,-0.750786
0
9,0.528611
12,-0.410810
4
18,-0.492172
7,-0.316202
2
17,-0.390179
17,-0.670278
4
3,-0.747307
22,0.166540
0
21,0.707389
24,-0.453413
0
6,0.277261
10,0.078036
0
25,0.312296
3,-0.838679
4
27,0.697134
27,0.433515
2
21,0.310343
8,-0.206275
4
18,-0.859859
27,-0.032746
1
21,-0.379437
21,0.739616
0
18,-0.276162
29,0.025239
3
1,0.230384
16,-0.495224
4
18,-0.898068
33,0.003510
1
4,0.320292
16,0.152623
1
33,-0.036775
19,-0.558580
0
5,0.429792
38,0.562609
2
30,-0.605335
36,-0.693411
4
30,0.452254
22,0.742790
3
19,-0.446883
11,-0.686087
1
7,-0.764946
37,-0.115757
2
14,0.594348
39,0.060091
2
5,0.349834
4,-0.513474
0
37,0.358074
31,-0.293313
2
5,-0.677541
23,-0.341777
0
13,-0.781549
20,0.825251
2
3,0.461592
35,-0.183203
4
32,-0.492233
29,0.457259
1
25,0.244057
28,0.279153
1
41,0.546556
4,0.491989
3
37,-0.698843
9,0.242409
4
46,-0.821650
43,0.533250
2
40,0.666250
50,0.914670
39,